AR 				   0   136.500     3.330     0.000    0.000      0.000
H 				   0   145.000     2.050     0.000    0.000      0.000
H2				   1   38.000      2.920     0.000    0.790      280.0
HE 				   0   10.200      2.576     0.000    0.000      0.000
HO2 			   2   107.400     3.458     0.000    0.000      1.000
N2 				   1   97.530      3.621     0.000 	  1.760      4.000
O 				   0   80.000      2.750 	 0.000 	  0.000      0.000
O2 				   1   107.400     3.458 	 0.000 	  1.600      3.800
OH 				   1   80.000      2.750     0.000    0.000      0.000
H2O 			   2   572.400     2.605 	 1.844 	  0.000 	 4.000
H2O2 			   2   107.400     3.458 	 0.000 	  0.000 	 3.800
C 				   0   71.400      3.298 	 0.000 	  0.000 	 0.000
CH 				   1   80.000      2.750 	 0.000 	  0.000 	 0.000
CH2 		   	   1   144.000     3.800 	 0.000 	  0.000 	 0.000
CH2(S) 			   1   144.000     3.800 	 0.000    0.000 	 0.000
CH2CO 			   2   436.000     3.970 	 0.000 	  0.000 	 2.000
CH2O 			   2   498.000     3.590 	 0.000 	  0.000 	 2.000
CH2OH 			   2   417.000     3.690 	 1.700 	  0.000 	 2.000
CH3 			   1   144.000     3.800 	 0.000 	  0.000 	 0.000
CH3O               2   417.000     3.690 	 1.700    0.000 	 2.000
CH3OH              2   481.800	   3.626 	 0.000    0.000 	 1.000
CH4                2   141.400     3.746 	 0.000    2.600 	 13.00
CO                 1   98.100      3.650 	 0.000    1.950 	 1.800
CO2                1   244.000     3.763 	 0.000    2.650 	 2.100
HCO                2   498.000     3.590 	 0.000    0.000 	 0.000
C2                 1   97.530      3.621 	 0.000    1.760 	 4.000
C2O                1   232.400     3.828 	 0.000    0.000 	 1.000
C2H                1   209.000     4.100 	 0.000 	  0.000 	 2.500
C2H2               1   209.000     4.100 	 0.000    0.000 	 2.500
C2H2OH             2   224.700     4.162 	 0.000    0.000 	 1.000
C2H3               2   209.000     4.100 	 0.000    0.000 	 1.000
C2H4               2   280.800     3.971 	 0.000    0.000 	 1.500
C2H5               2   252.300     4.302 	 0.000    0.000 	 1.500
C2H6               2   252.300     4.302 	 0.000    0.000 	 1.500
CH3CHO             2   436.000     3.970 	 0.000    0.000 	 2.000
CH3CO              2   436.000     3.970 	 0.000    0.000 	 2.000
HCCO               2   150.000     2.500 	 0.000    0.000 	 1.000
CH2HCO             2   436.000     3.970 	 0.000    0.000 	 2.000
C3H2               2   209.000     4.100 	 0.000    0.000 	 1.000
C3H4 			   1   252.000     4.760     0.000    0.000 	 1.000
C3H5               2   260.000 	   4.850     0.000    0.000 	 1.000
C3H6               2   266.800     4.982     0.000    0.000 	 1.000
C3H7               2   266.800     4.982     0.000    0.000 	 1.000
C3H8               2   266.800     4.982     0.000    0.000 	 1.000
H2CCCH             2   252.000     4.760     0.000    0.000 	 1.000
C4                 2   357.000     5.180     0.000    0.000 	 1.000
C4H6               2   357.000     5.180     0.000    0.000 	 1.000
C4H                1   357.000     5.180     0.000    0.000 	 1.000
C4H2               1   357.000     5.180     0.000    0.000 	 1.000
H2CCCCH            2   357.000     5.180 	 0.000    0.000 	 1.000
C4H4               2   357.000     5.180 	 0.000 	  0.000 	 1.000
i-C4H5             2   357.000     5.180 	 0.000    0.000 	 1.000
n-C4H5             2   357.000     5.180 	 0.000    0.000 	 1.000
C4H7               2   357.000     5.180 	 0.000    0.000 	 1.000
C4H8               2   357.000     5.176 	 0.000    0.000 	 1.000
C5H5OH             2   450.000     5.500 	 0.000    0.000 	 1.000
C6H2               1   357.000     5.180 	 0.000    0.000 	 1.000
C6H5               2   412.300     5.349 	 0.000    0.000 	 1.000
C6H5O              2   450.000     5.500 	 0.000    0.000  	 1.000
C6H5OH             2   464.8 	   5.29 	 0.00 	  10.32 	 0.000
C5H5               1   357.000     5.180 	 0.000 	  0.000 	 1.000
C5H6               1   357.000 	   5.180 	 0.000 	  0.000 	 1.000
C6H                1   357.000     5.180 	 0.000    0.000 	 1.000
A1 				   2   464.8       5.29 	 0.00 	  10.32 	 1.000
A1-                2   464.8       5.29 	 0.00     10.32 	 1.000
A1CH3 	           2   495.3 	   5.68 	 0.43     12.30 	 1.000
A1C2H              2   535.6       5.72 	 0.77     12.00 	 1.000
A1C2H*             2   535.6       5.72 	 0.77     12.00 	 1.000
A1C2H-             2   535.6       5.72 	 0.77     12.00  	 1.000
A1C2H3             2   546.2 	   6.00   	 0.13 	  15.00 	 1.000
A1C2H3*            2   546.2       6.00 	 0.13     15.00 	 1.000
C7H7               2   460.0       5.43 	 0.0 	  0.0 	     0.000
C7H8               2   495.3       5.68 	 0.43     12.3  	 0.000
n-C8H7             2   536.200     5.693 	 0.000    0.000 	 0.000
A2                 2   630.4       6.18 	 0.00     16.50 	 1.000
A2-                2   630.4       6.18 	 0.00     16.50 	 1.000
P2                 2   676.5       6.31 	 0.00     20.00 	 1.000
P2-                2   676.5       6.31 	 0.00     20.00 	 1.000
INDENYL            2   402.9       6.744 	 0.000    0.000 	 1.000
INDENE             2   402.9       6.744 	 0.000    0.000 	 1.000
A2CH3              2   658.602 	   6.335 	 0.000    0.000 	 0.000
A2CH2              2   655.890     6.320 	 0.000    0.000 	 0.000
A2R5               2   693.1       6.47 	 0.00 	  18.00 	 1.000
A2R5-              2   693.1       6.47 	 0.00     18.00 	 1.000
A2C2H              2   693.1       6.47 	 0.00     18.00 	 1.000
A2C2H*             2   693.1       6.47 	 0.00     18.00 	 1.000
A3                 2   772.0       6.96 	 0.00     38.80 	 1.000
A3-                2   837.500     7.275 	 0.000 	  0.000 	 0.000
A3C2H 	           2   879.600 	   7.561 	 0.000    0.000 	 0.000
A3C2H*             2   879.600     7.561 	 0.000    0.000 	 0.000
A3CH3              2   879.600     7.561 	 0.000    0.000 	 0.000
A3CH2              2   879.600     7.561 	 0.000    0.000 	 0.000
A4                 2   834.9 	   7.24 	 0.00     45.00 	 1.000
A4R5               2   879.600     7.561 	 0.000    0.000 	 0.000
A4-                2   834.9       7.24 	 0.00     45.00 	 1.000
A4C2H              2   776.2       7.407 	 0.000    0.000  	 1.000
A4C2H*             2   776.2       7.407 	 0.000    0.000  	 1.000
C18H12             2   879.600     7.561 	 0.000    0.000  	 0.000
C18H11             2   879.600     7.561 	 0.000    0.000  	 0.000
BAPYR              2   833.062     8.087 	 0.000    0.000  	 1.000
BAPYR*S            2   833.062     8.087 	 0.000    0.000  	 1.000
BGHIF              2   870.7 	   7.559 	 0.000    0.000  	 1.000
C8H                1   357.000     5.180 	 0.000    0.000  	 1.000
C8H2               1   357.000     5.180 	 0.000    0.000  	 1.000